1
0 0 0 0
0 0 1 0
2 0 0 0
0 0 0 0

R

0 0 1 0
0 0 0 1
0 0 0 2
0 0 0 0

D

0 0 0 1
0 0 0 0
0 0 0 1
0 0 1 2

D

0 0 0 0
0 0 0 0
0 0 1 2
0 0 1 2

D

0 0 0 0
0 0 1 0
0 0 0 0
0 0 2 3

L

0 0 0 0
1 0 0 0
0 0 0 2
2 3 0 0

U

1 3 0 2
2 0 0 1
0 0 0 0
0 0 0 0

L

1 3 2 0
2 1 0 0
1 0 0 0
0 0 0 0

L

1 3 2 0
2 1 0 0
1 0 1 0
0 0 0 0

L

1 3 2 0
2 1 0 0
2 0 0 0
0 0 2 0

D

0 0 0 0
0 0 0 1
1 3 0 0
3 1 3 0

R

0 1 0 0
0 0 0 1
0 0 1 3
0 3 1 3

R

0 1 0 1
0 0 0 1
0 0 1 3
0 3 1 3

R

0 0 0 2
1 0 0 1
0 0 1 3
0 3 1 3

U

1 3 2 2
0 0 0 1
0 0 0 4
0 1 0 0

R

0 1 3 3
0 0 0 1
0 0 1 4
0 0 0 1

D

0 0 0 3
0 0 0 1
0 1 3 4
0 1 1 1

D

0 0 0 3
0 0 0 1
1 0 3 4
0 2 1 1

U

1 2 3 3
0 0 1 1
0 0 1 4
0 0 0 1

U

1 2 3 3
1 0 2 1
0 0 0 4
0 0 0 1

L

1 2 4 1
1 2 1 0
4 0 0 0
1 0 0 0

D

0 0 0 0
2 0 0 1
4 0 4 0
1 3 1 1

U

2 3 4 2
4 0 1 0
1 0 0 0
0 0 1 0

R

2 3 4 2
0 0 4 1
0 0 1 1
0 0 0 1

L

2 3 4 2
4 1 0 0
2 0 0 0
1 1 0 0

R

2 3 4 2
1 0 4 1
0 0 0 2
0 0 0 2

L

2 3 4 2
1 4 1 0
2 0 2 0
2 0 0 0

R

2 3 4 2
0 1 4 1
0 1 0 3
0 0 0 2

L

2 3 4 2
1 4 1 0
1 3 0 0
2 0 1 0

L

2 3 4 2
1 4 1 0
1 3 0 0
2 1 0 1

L

2 3 4 2
1 4 1 2
1 3 0 0
2 2 0 0

L

2 3 4 2
1 4 1 2
1 3 0 0
3 0 1 0

L

2 3 4 2
1 4 1 2
1 3 1 0
3 1 0 0

L

2 3 4 2
1 4 1 2
1 3 1 0
3 1 0 1

L

2 3 4 2
1 4 1 2
1 3 1 0
3 2 0 1

U

2 3 4 3
2 4 2 1
3 3 0 1
0 2 0 0

L

2 3 4 3
2 4 2 1
4 1 0 0
2 0 1 0

L

2 3 4 3
2 4 2 1
4 1 0 0
2 1 0 2

L

2 3 4 3
2 4 2 1
4 1 0 0
2 1 2 1

L

2 3 4 3
2 4 2 1
4 1 0 1
2 1 2 1

L

2 3 4 3
2 4 2 1
4 2 0 1
2 1 2 1

D

0 3 0 0
3 4 1 3
4 2 4 1
2 1 3 2

L

3 1 0 0
3 4 1 3
4 2 4 1
2 1 3 2

R

1 0 3 1
3 4 1 3
4 2 4 1
2 1 3 2

D

1 1 3 1
3 4 1 3
4 2 4 1
2 1 3 2

L

2 3 1 1
3 4 1 3
4 2 4 1
2 1 3 2

D

2 3 1 1
3 4 2 3
4 2 4 1
2 1 3 2

L

2 3 2 1
3 4 2 3
4 2 4 1
2 1 3 2

U

2 3 3 1
3 4 4 3
4 2 3 1
2 1 1 2

L

2 4 1 1
3 5 3 0
4 2 3 1
2 2 2 0

D

2 0 0 0
3 4 1 1
4 5 4 0
2 3 2 2

U

2 4 1 1
3 5 4 2
4 3 2 0
2 0 2 0

D

2 0 0 1
3 4 1 0
4 5 4 1
2 3 3 2

U

2 4 1 2
3 5 4 2
4 3 3 1
2 0 0 0

D

2 0 1 0
3 4 1 0
4 5 4 3
2 3 3 1

U

2 4 2 3
3 5 4 1
4 3 3 0
2 2 0 0

D

2 4 0 1
3 5 2 0
4 3 4 3
2 2 3 1

U

2 4 2 1
3 5 4 3
4 3 3 1
2 2 0 1

D

2 4 1 0
3 5 2 1
4 3 4 3
2 2 3 2

L

2 4 1 1
3 5 2 1
4 3 4 3
3 3 2 0

D

2 0 1 0
3 4 2 1
4 5 4 2
3 4 2 3

R

0 1 2 1
3 4 2 1
4 5 4 2
3 4 2 3

R

1 1 2 1
3 4 2 1
4 5 4 2
3 4 2 3

D

1 1 2 0
3 4 3 2
4 5 4 2
3 4 2 3

R

0 1 2 2
3 4 3 2
4 5 4 2
3 4 2 3

R

1 0 1 3
3 4 3 2
4 5 4 2
3 4 2 3

R

1 0 2 3
3 4 3 2
4 5 4 2
3 4 2 3

R

1 1 2 3
3 4 3 2
4 5 4 2
3 4 2 3

R

1 2 2 3
3 4 3 2
4 5 4 2
3 4 2 3

R

1 1 3 3
3 4 3 2
4 5 4 2
3 4 2 3

D

1 1 0 1
3 4 4 3
4 5 4 3
3 4 2 3

R

1 0 1 2
0 3 5 3
4 5 4 3
3 4 2 3

U

1 3 1 2
4 5 5 4
3 4 4 3
0 1 2 0

R

1 3 1 2
1 4 6 4
0 3 5 3
0 0 1 2

L

1 3 1 2
1 4 6 4
3 5 3 1
1 2 0 0

L

1 3 1 2
1 4 6 4
3 5 3 1
1 2 0 1

U

2 3 1 2
3 4 6 4
1 5 3 2
0 2 1 0

L

2 3 1 2
3 4 6 4
1 5 3 2
2 1 0 1

L

2 3 1 2
3 4 6 4
1 5 3 2
2 2 1 0

U

2 3 1 2
3 4 6 4
1 5 3 2
2 2 1 1

R

2 3 1 2
3 4 6 4
1 5 3 2
0 1 3 2

L

2 3 1 2
3 4 6 4
1 5 3 2
1 3 2 1

D

1 3 1 2
2 4 6 4
3 5 3 2
2 3 2 1

T

Saved model to disk
00:00:00.39
