1
0 0 0 1
0 0 0 0
0 0 0 0
0 1 0 0

[885.0463  884.35425 884.2007  884.6577 ]
U

0 1 0 1
0 0 0 0
0 1 0 0
0 0 0 0

[885.40015 884.5292  884.1754  884.8804 ]
U

0 2 0 1
0 0 1 0
0 0 0 0
0 0 0 0

[885.756   884.9867  884.86194 885.3883 ]
U

0 2 1 1
0 0 0 1
0 0 0 0
0 0 0 0

[885.3529  884.5764  884.20404 884.7888 ]
U

0 2 1 2
0 0 0 0
0 0 0 0
1 0 0 0

[886.0681 885.2638 885.2776 885.5544]
U

1 2 1 2
0 0 0 0
0 0 0 0
0 0 1 0

[885.0606  884.19037 884.0779  884.45276]
U

1 2 2 2
0 1 0 0
0 0 0 0
0 0 0 0

[884.7855  883.95105 883.9663  884.1786 ]
U

1 2 2 2
0 1 0 0
0 1 0 0
0 0 0 0

[884.6448 883.6946 883.609  884.0397]
U

1 2 2 2
0 2 0 0
1 0 0 0
0 0 0 0

[885.192   884.40485 884.704   884.69434]
U

2 3 2 2
0 0 0 0
0 0 0 0
0 0 1 0

[883.87476 883.1348  883.0177  883.36237]
U

2 3 2 2
0 0 1 0
1 0 0 0
0 0 0 0

[884.5204 883.7871 883.9696 884.1883]
U

2 3 2 2
1 0 1 0
0 0 1 0
0 0 0 0

[884.0248  883.4641  883.44305 883.55383]
U

2 3 2 2
1 0 2 0
0 0 0 0
0 0 1 0

[884.72534 884.01917 883.8697  884.2182 ]
U

2 3 3 2
1 0 1 0
0 0 0 0
1 0 0 0

[884.52185 883.80804 883.7073  884.0264 ]
U

2 3 3 2
2 0 1 0
0 0 0 0
1 0 0 0

[883.96204 883.2392  883.24945 883.52637]
U

3 3 3 2
1 0 1 1
0 0 0 0
0 0 0 0

[883.7812  883.09863 882.8043  883.1134 ]
U

3 3 3 2
1 0 1 1
0 0 0 1
0 0 0 0

[883.70184 882.8594  882.6052  883.02313]
U

3 3 3 2
1 0 1 2
1 0 0 0
0 0 0 0

[884.0997  883.3825  883.26556 883.4568 ]
U

3 3 3 3
2 0 1 0
0 0 0 0
0 1 0 0

[882.54016 881.8801  881.6822  882.0593 ]
U

3 3 3 3
2 1 1 0
0 0 0 0
0 0 1 0

[882.8987  882.1813  881.87964 882.3183 ]
U

3 3 3 3
2 1 2 0
1 0 0 0
0 0 0 0

[883.22986 882.4929  882.36993 882.6516 ]
U

3 3 3 3
2 1 2 0
1 1 0 0
0 0 0 0

[883.00836 882.1535  881.93164 882.4259 ]
U

3 3 3 3
2 2 2 0
1 0 0 1
0 0 0 0

[882.88074 882.0335  882.10205 882.32935]
U

3 3 3 3
2 2 2 1
1 1 0 0
0 0 0 0

[883.01715 882.1846  882.0104  882.4766 ]
U

3 3 3 3
2 2 2 1
1 1 0 0
0 1 0 0

[883.1341  882.2921  882.10974 882.65814]
U

3 3 3 3
2 2 2 1
1 2 0 1
0 0 0 0

[882.9566  882.06165 881.8495  882.3405 ]
U

3 3 3 3
2 3 2 2
1 0 1 0
0 0 0 0

[883.77155 883.0426  882.867   883.23895]
U

3 4 3 3
2 0 2 2
1 0 1 0
1 0 0 0

[885.3682 884.684  884.5992 884.8014]
U

3 4 3 3
2 0 2 2
2 0 1 0
1 0 0 0

[885.2466  884.58014 884.4886  884.7483 ]
U

3 4 3 3
3 0 2 2
1 0 1 0
0 0 1 0

[885.9336  885.29553 885.1014  885.3398 ]
U

4 4 3 3
1 1 2 2
0 0 2 0
0 0 0 0

[883.28284 882.39905 882.18396 882.66565]
U

4 4 3 3
1 1 3 2
0 0 0 0
0 0 1 0

[883.1111  882.2547  881.9325  882.46136]
U

4 4 4 3
1 1 1 2
0 0 0 0
0 0 0 1

[881.77997 880.928   880.81805 881.13086]
U

4 4 4 3
1 1 1 2
0 1 0 1
0 0 0 0

[881.5638  880.47266 880.27795 880.9816 ]
U

4 4 4 3
1 2 1 2
0 0 1 1
0 0 0 0

[881.38043 880.5266  880.60205 880.8197 ]
U

4 4 4 3
1 2 2 2
0 0 0 1
0 0 0 1

[881.6336  880.6273  880.67535 880.9551 ]
U

4 4 4 3
1 2 2 2
0 1 0 2
0 0 0 0

[881.55316 880.5921  880.5278  881.0388 ]
U

4 4 4 3
1 2 2 3
0 1 0 0
1 0 0 0

[881.8451  880.9085  881.00757 881.2578 ]
U

4 4 4 4
2 2 2 0
0 1 0 0
0 0 0 1

[879.6753  878.6859  878.92505 879.11896]
U

4 4 4 4
2 2 2 1
0 1 0 1
0 0 0 0

[879.38855 878.2646  878.3889  878.9063 ]
U

4 4 4 4
2 2 2 2
0 1 0 0
0 1 0 0

[879.68054 878.67444 878.78986 879.23987]
U

4 4 4 4
2 2 2 2
0 2 0 0
1 0 0 0

[880.69275 879.76733 879.8892  880.17773]
U

4 4 4 4
2 3 2 2
1 0 0 1
0 0 0 0

[880.9994  879.87915 880.15247 880.5803 ]
U

4 4 4 4
2 3 2 2
1 0 0 1
1 0 0 0

[881.7441  880.61255 880.9382  881.38745]
U

4 4 4 4
2 3 2 2
2 0 0 1
0 1 0 0

[881.04816 879.93304 880.1964  880.7599 ]
U

4 4 4 4
3 3 2 2
0 1 0 1
0 0 1 0

[881.55304 880.3556  880.33685 881.1037 ]
U

4 4 4 4
3 3 2 2
0 1 1 1
0 1 0 0

[881.10675 879.99524 880.07086 880.6908 ]
U

4 4 4 4
3 3 2 2
0 2 1 1
0 0 0 1

[881.2654  880.20715 880.2632  880.62964]
U

4 4 4 4
3 3 2 2
0 2 1 2
0 0 1 0

[881.7826  880.8565  880.82385 881.3166 ]
U

4 4 4 4
3 3 2 3
0 2 2 0
1 0 0 0

[881.8497  880.8711  881.0828  881.44836]
U

4 4 4 4
3 3 3 3
1 2 0 0
1 0 0 0

[881.7549  880.8268  881.14453 881.3753 ]
U

4 4 4 4
3 3 3 3
2 2 0 0
0 0 1 0

[881.3356 880.4075 880.5893 880.9689]
U

4 4 4 4
3 3 3 3
2 2 1 0
0 1 0 0

[881.0458  880.20764 880.4804  880.7239 ]
U

4 4 4 4
3 3 3 3
2 2 1 0
0 1 0 1

[880.97046 880.09436 880.39294 880.56805]
U

4 4 4 4
3 3 3 3
2 2 1 1
0 1 0 1

[880.88306 879.8471  880.18616 880.4697 ]
U

4 4 4 4
3 3 3 3
2 2 1 2
0 1 0 1

[880.92145 880.00977 880.3619  880.594  ]
U

4 4 4 4
3 3 3 3
2 2 1 2
1 1 0 1

[881.4366  880.5076  880.9172  881.15485]
U

4 4 4 4
3 3 3 3
2 2 1 2
1 1 1 1

[881.9313  880.9744  881.30615 881.6595 ]
U

4 4 4 4
3 3 3 3
2 2 2 2
1 1 1 1

[882.104   881.0401  881.37695 881.9731 ]
L

5 5 0 0
4 4 0 0
3 3 0 0
2 2 0 1

[873.6358  873.09906 872.76733 872.84045]
U

5 5 0 1
4 4 0 0
3 3 1 0
2 2 0 0

[873.8091 873.3922 872.8871 873.0335]
U

5 5 1 1
4 4 0 0
3 3 0 1
2 2 0 0

[874.17126 873.52875 873.0181  873.35455]
U

5 5 1 2
4 4 0 0
3 3 0 0
2 2 1 0

[874.13434 873.5849  873.1668  873.30457]
U

5 5 2 2
4 4 0 0
3 3 1 0
2 2 0 0

[873.5532 873.1483 872.91   872.7422]
U

5 5 2 2
4 4 1 1
3 3 0 0
2 2 0 0

[873.6699  873.1559  872.86115 872.9826 ]
U

5 5 2 2
4 4 1 1
3 3 0 0
2 2 1 0

[874.1199  873.5787  873.2074  873.44275]
U

5 5 2 2
4 4 2 1
3 3 0 1
2 2 0 0

[873.8582  873.14404 872.8553  873.1126 ]
U

5 5 3 2
4 4 0 2
3 3 1 0
2 2 0 0

[873.2516 872.7413 872.2892 872.3303]
U

5 5 3 3
4 4 1 0
3 3 1 0
2 2 0 0

[872.8336 872.3707 871.9602 872.1144]
U

5 5 3 3
4 4 2 0
3 3 1 0
2 2 0 0

[873.15393 872.6502  872.2037  872.3871 ]
U

5 5 3 3
4 4 2 0
3 3 1 1
2 2 0 0

[873.06647 872.40295 871.99695 872.2888 ]
U

5 5 3 3
4 4 2 1
3 3 1 0
2 2 0 1

[873.0432  872.4948  871.93945 872.2175 ]
U

5 5 3 3
4 4 2 2
3 3 1 1
2 2 0 0

[873.0057  872.30444 871.7999  872.2139 ]
U

5 5 3 3
4 4 2 2
3 3 1 1
2 2 1 0

[873.50037 872.7712  872.18884 872.7187 ]
U

5 5 3 3
4 4 2 2
3 3 2 1
2 2 1 0

[873.6733  872.83685 872.2597  873.0321 ]
U

5 5 3 3
4 4 3 2
3 3 1 1
2 2 0 1

[872.46454 871.74786 871.26154 871.6826 ]
U

5 5 4 3
4 4 1 2
3 3 0 2
2 2 0 1

[871.53467 870.87775 870.5006  870.9245 ]
U

5 5 4 3
4 4 1 3
3 3 1 1
2 2 0 0

[871.12494 870.45715 870.22144 870.4431 ]
U

5 5 4 4
4 4 2 1
3 3 1 0
2 2 0 0

[870.72034 870.148   869.7564  870.13824]
U

5 5 4 4
4 4 2 1
3 3 1 0
2 2 0 1

[870.645   870.0347  869.66895 869.98254]
U

5 5 4 4
4 4 2 2
3 3 1 0
2 2 0 1

[870.6195  869.9783  869.6486  869.92126]
U

5 5 4 4
4 4 2 2
3 3 1 1
2 2 0 1

[870.5321  869.73096 869.4419  869.82306]
U

5 5 4 4
4 4 2 2
3 3 1 2
2 2 1 0

[871.14056 870.47394 870.0942  870.6078 ]
U

5 5 4 4
4 4 2 3
3 3 2 0
2 2 1 0

[870.9826 870.2477 869.9814 870.464 ]
U

5 5 4 4
4 4 3 3
3 3 1 1
2 2 0 0

[869.8435 869.105  868.9419 869.2532]
U

5 5 4 4
4 4 3 3
3 3 1 1
2 2 0 1

[869.7112  868.93567 868.7999  869.04047]
U

5 5 4 4
4 4 3 3
3 3 1 2
2 2 1 0

[870.29504 869.6544  869.42883 869.801  ]
U

5 5 4 4
4 4 3 3
3 3 2 2
2 2 0 1

[869.89777 869.13983 869.02313 869.45386]
U

5 5 4 4
4 4 3 3
3 3 2 2
2 2 1 1

[870.3925  869.60675 869.4122  869.9587 ]
L

6 5 0 0
5 4 0 0
4 3 0 1
3 2 0 0

[859.14026 858.4676  858.167   858.15314]
U

6 5 0 1
5 4 0 1
4 3 0 0
3 2 0 0

[859.0061  858.4875  857.8533  857.97986]
U

6 5 1 2
5 4 0 0
4 3 0 0
3 2 0 0

[859.0949  858.5576  858.235   857.98914]
U

6 5 1 2
5 4 0 1
4 3 0 0
3 2 0 0

[858.89886 858.3508  857.89716 857.8033 ]
U

6 5 1 2
5 4 0 1
4 3 0 1
3 2 0 0

[858.8115  858.10364 857.69055 857.705  ]
U

6 5 1 2
5 4 0 2
4 3 1 0
3 2 0 0

[858.9014  858.3969  857.9958  857.76215]
U

6 5 2 3
5 4 0 0
4 3 0 0
3 2 0 1

[858.37494 857.8811  857.51514 857.32495]
U

6 5 2 3
5 4 0 1
4 3 0 1
3 2 0 0

[858.0828  857.45435 856.97375 857.1065 ]
U

6 5 2 3
5 4 0 2
4 3 0 0
3 2 0 1

[858.26385 857.7312  857.26776 857.19617]
U

6 5 2 3
5 4 0 2
4 3 0 1
3 2 0 1

[858.09216 857.3975  856.9764  857.0075 ]
U

6 5 2 3
5 4 0 2
4 3 0 2
3 2 0 1

[858.0562  857.4839  857.0775  857.05194]
U

6 5 2 3
5 4 0 3
4 3 1 1
3 2 0 0

[857.70557 857.124   856.8578  856.634  ]
U

6 5 2 4
5 4 1 1
4 3 0 0
3 2 1 0

[857.58264 857.0079  856.6234  856.771  ]
U

6 5 2 4
5 4 2 1
4 3 0 0
3 2 0 1

[857.33307 856.7072  856.39044 856.3831 ]
U

6 5 3 4
5 4 1 2
4 3 0 0
3 2 0 0

[856.86475 856.22015 855.8335  855.91425]
U

6 5 3 4
5 4 1 2
4 3 0 0
3 2 1 0

[857.3165  856.64294 856.1793  856.3729 ]
U

6 5 3 4
5 4 2 2
4 3 0 1
3 2 0 0

[857.05475 856.2083  855.82715 856.0427 ]
U

6 5 3 4
5 4 2 2
4 3 0 1
3 2 0 1

[856.97943 856.09485 855.73956 855.8868 ]
U

6 5 3 4
5 4 2 2
4 3 0 2
3 2 0 1

[857.0179  856.25775 855.91547 856.011  ]
U

6 5 3 4
5 4 2 3
4 3 0 1
3 2 0 1

[856.5999  855.7187  855.52515 855.4554 ]
U

6 5 3 4
5 4 2 3
4 3 0 2
3 2 0 1

[856.6382 855.8814 855.7009 855.5796]
U

6 5 3 4
5 4 2 3
4 3 1 2
3 2 0 1

[856.66614 855.9837  855.81976 855.5997 ]
U

6 5 3 4
5 4 2 3
4 3 1 2
3 2 1 1

[857.1609  856.4507  856.20874 856.1045 ]
U

6 5 3 4
5 4 2 3
4 3 2 2
3 2 1 1

[857.33356 856.5161  856.2795  856.41797]
U

6 5 3 4
5 4 3 3
4 3 1 2
3 2 1 1

[856.69495 856.00745 855.75793 855.72906]
U

6 5 4 4
5 4 2 3
4 3 0 2
3 2 1 1

[855.9524  855.15686 854.9695  855.01776]
U

6 5 4 4
5 4 2 3
4 3 1 2
3 2 1 1

[855.98035 855.2592  855.0884  855.03784]
U

6 5 4 4
5 4 2 3
4 3 2 2
3 2 1 1

[856.1529  855.32477 855.159   855.35126]
U

6 5 4 4
5 4 3 3
4 3 1 2
3 2 1 1

[855.5144  854.81604 854.6375  854.66235]
U

6 5 4 4
5 4 3 3
4 3 2 2
3 2 1 1

[855.68713 854.88165 854.7083  854.9758 ]
L

6 5 5 0
5 4 4 0
4 3 3 0
3 2 2 1

[854.04565 853.53076 853.387   853.0937 ]
U

6 5 5 1
5 4 4 0
4 3 3 1
3 2 2 0

[854.1917 853.5645 853.2696 853.2628]
U

6 5 5 2
5 4 4 0
4 3 3 0
3 2 2 1

[853.7414 853.201  853.0988 852.72  ]
U

6 5 5 2
5 4 4 1
4 3 3 0
3 2 2 1

[853.54944 852.99835 852.76495 852.5382 ]
U

6 5 5 2
5 4 4 2
4 3 3 1
3 2 2 0

[853.5552  852.85236 852.6688  852.58105]
U

6 5 5 3
5 4 4 1
4 3 3 0
3 2 2 1

[852.93506 852.42114 852.03485 852.0176 ]
U

6 5 5 3
5 4 4 2
4 3 3 0
3 2 2 1

[852.9537  852.40985 852.05865 852.00354]
U

6 5 5 3
5 4 4 2
4 3 3 1
3 2 2 1

[852.8222  852.1175  851.80774 851.8581 ]
U

6 5 5 3
5 4 4 2
4 3 3 2
3 2 2 1

[852.8607  852.28033 851.9836  851.98236]
U

6 5 5 3
5 4 4 3
4 3 3 1
3 2 2 1

[852.4426  851.7412  851.5933  851.42676]
U

6 5 5 4
5 4 4 2
4 3 3 0
3 2 2 1

[851.6921 851.0962 850.8645 850.788 ]
U

6 5 5 4
5 4 4 2
4 3 3 1
3 2 2 1

[851.60455 850.84875 850.6576  850.68976]
U

6 5 5 4
5 4 4 2
4 3 3 2
3 2 2 1

[851.643  851.0116 850.8334 850.8139]
U

6 5 5 4
5 4 4 3
4 3 3 1
3 2 2 1

[851.2249  850.4726  850.4431  850.25836]
U

6 5 5 4
5 4 4 3
4 3 3 2
3 2 2 1

[851.26337 850.6353  850.619   850.38245]
R

1 6 6 4
0 5 5 3
0 4 4 2
0 3 3 1

[841.87836 840.79443 840.724   841.6058 ]
U

1 6 6 4
0 5 5 3
1 4 4 2
0 3 3 1

[842.3839  841.29333 841.35974 842.171  ]
U

2 6 6 4
1 5 5 3
0 4 4 2
0 3 3 1

[842.055   841.10406 840.9104  841.7205 ]
U

2 6 6 4
1 5 5 3
1 4 4 2
0 3 3 1

[842.5606  841.6031  841.54614 842.2857 ]
U

2 6 6 4
2 5 5 3
1 4 4 2
0 3 3 1

[841.88336 840.91376 840.97046 841.6597 ]
U

3 6 6 4
1 5 5 3
0 4 4 2
1 3 3 1

[842.5612  841.6254  841.4849  842.15027]
U

3 6 6 4
2 5 5 3
0 4 4 2
1 3 3 1

[841.88385 840.9361  840.9092  841.5241 ]
U

3 6 6 4
2 5 5 3
1 4 4 2
1 3 3 1

[842.38947 841.43506 841.5449  842.08936]
U

3 6 6 4
2 5 5 3
2 4 4 2
1 3 3 1

[842.2612  841.32446 841.42773 842.02936]
U

3 6 6 4
3 5 5 3
1 4 4 2
1 3 3 1

[843.2355  842.3445  842.4746  842.96295]
U

4 6 6 4
2 5 5 3
0 4 4 2
1 3 3 1

[840.0525  839.0213  839.19324 839.71405]
U

4 6 6 4
2 5 5 3
1 4 4 2
1 3 3 1

[840.66797 839.6332  839.93945 840.39734]
U

4 6 6 4
2 5 5 3
2 4 4 2
1 3 3 1

[840.5464  839.5292  839.82886 840.34424]
U

4 6 6 4
3 5 5 3
1 4 4 2
1 3 3 1

[841.6399  840.6715  840.99524 841.40576]
U

4 6 6 4
3 5 5 3
2 4 4 2
1 3 3 1

[841.5183  840.56757 840.88477 841.35284]
L

4 7 4 0
3 6 3 0
2 5 2 1
1 4 1 0

[835.0879  834.08795 834.27344 835.3064 ]
L

4 7 4 1
3 6 3 0
2 5 2 1
1 4 1 0

[835.2801  834.2905  834.30945 835.45447]
L

4 7 4 1
3 6 3 0
2 5 2 1
1 4 1 1

[835.18384 834.15564 834.2008  835.276  ]
L

4 7 4 1
3 6 3 0
2 5 2 1
1 4 2 1

[834.8076  833.7888  833.94836 834.9071 ]
L

4 7 4 1
3 6 3 1
2 5 2 1
1 4 2 1

[834.3096  833.27234 833.3074  834.39716]
U

4 7 4 2
3 6 3 2
2 5 3 0
1 4 1 0

[834.47284 833.6467  833.686   834.4937 ]
L

4 7 4 2
3 6 3 2
2 5 3 0
1 4 1 1

[834.37646 833.51184 833.5774  834.3152 ]
U

4 7 4 3
3 6 4 1
2 5 1 0
1 4 1 0

[831.59216 830.8662  830.7832  831.65234]
L

4 7 4 3
3 6 4 1
2 5 1 0
1 4 1 1

[831.4959  830.73126 830.67474 831.47406]
U

4 7 5 3
3 6 2 2
2 5 0 0
1 4 0 1

[832.4246  831.64197 831.7393  832.3572 ]
U

4 7 5 3
3 6 2 2
2 5 1 1
1 4 0 0

[832.2341  831.3988  831.53186 832.21344]
U

4 7 5 3
3 6 2 2
2 5 1 1
1 4 1 0

[832.58496 831.7182  831.77655 832.56396]
U

4 7 5 3
3 6 2 2
2 5 2 1
1 4 1 0

[832.81683 831.8445  831.90674 832.9409 ]
L

4 7 5 3
3 6 3 0
2 5 2 1
1 4 1 1

[832.23773 831.28503 831.4661  832.37854]
L

4 7 5 3
3 6 3 1
2 5 2 1
1 4 2 0

[831.45984 830.5367  830.6813  831.67816]
L

4 7 5 3
3 6 3 1
2 5 2 1
1 4 2 1

[831.36346 830.4018  830.5727  831.4997 ]
U

4 7 5 3
3 6 3 2
2 5 3 1
1 4 1 0

[831.85156 830.97485 830.98425 831.92914]
L

4 7 5 3
3 6 3 2
2 5 3 1
1 4 1 1

[831.7552 830.8398 830.8756 831.7508]
U

4 7 5 3
3 6 4 2
2 5 1 2
1 4 1 0

[829.9989  829.2887  829.3692  830.10144]
L

4 7 5 3
3 6 4 2
2 5 1 2
1 4 1 1

[829.9026  829.15375 829.2606  829.923  ]
L

4 7 5 3
3 6 4 2
2 5 1 2
1 4 2 1

[829.52637 828.78705 829.0082  829.55414]
U

4 7 5 3
3 6 4 3
2 5 1 1
1 4 2 1

[828.88934 828.0234  828.39825 828.7638 ]
U

4 7 5 4
3 6 4 2
2 5 1 0
1 4 2 1

[828.19366 827.43463 827.72437 828.184  ]
U

4 7 5 4
3 6 4 2
2 5 1 1
1 4 2 1

[828.022   827.1009  827.43304 827.9953 ]
U

4 7 5 4
3 6 4 2
2 5 1 2
1 4 2 1

[827.986  827.1874 827.5341 828.0397]
U

4 7 5 4
3 6 4 3
2 5 1 1
1 4 2 1

[827.3491 826.4238 826.9242 827.2494]
U

4 7 5 4
3 6 4 3
2 5 1 2
1 4 2 1

[827.313   826.51025 827.02527 827.2938 ]
T

00:00:00.31
