1
0 0 1 0
0 0 0 0
0 0 0 0
0 1 0 0

L

1 0 0 0
0 0 0 0
0 0 1 0
1 0 0 0

L

1 0 0 0
0 0 1 0
1 0 0 0
1 0 0 0

L

1 0 0 0
1 0 0 0
1 1 0 0
1 0 0 0

L

1 0 0 0
1 0 0 0
2 1 0 0
1 0 0 0

L

1 0 0 0
1 0 0 0
2 1 0 0
1 0 0 2

L

1 0 1 0
1 0 0 0
2 1 0 0
1 2 0 0

L

2 0 1 0
1 0 0 0
2 1 0 0
1 2 0 0

L

2 1 0 0
1 0 0 1
2 1 0 0
1 2 0 0

L

2 1 0 0
2 0 0 2
2 1 0 0
1 2 0 0

L

2 1 0 0
3 0 0 0
2 1 0 1
1 2 0 0

L

2 1 0 0
3 0 0 1
2 2 0 0
1 2 0 0

L

2 1 0 0
3 1 0 0
3 0 1 0
1 2 0 0

L

2 1 0 0
3 1 1 0
3 1 0 0
1 2 0 0

L

2 1 0 0
3 2 0 0
3 1 0 1
1 2 0 0

L

2 1 0 1
3 2 0 0
3 2 0 0
1 2 0 0

L

2 2 0 0
3 2 0 0
3 2 0 0
1 2 1 0

L

3 0 0 1
3 2 0 0
3 2 0 0
1 2 1 0

L

3 1 0 0
3 2 0 0
3 2 0 1
1 2 1 0

L

3 1 1 0
3 2 0 0
3 2 1 0
1 2 1 0

L

3 2 0 0
3 2 0 1
3 2 1 0
1 2 1 0

L

3 2 0 1
3 2 1 0
3 2 1 0
1 2 1 0

L

3 2 1 0
3 2 1 1
3 2 1 0
1 2 1 0

L

3 2 1 1
3 2 2 0
3 2 1 0
1 2 1 0

L

3 2 2 0
3 3 0 0
3 2 1 0
1 2 1 1

L

3 3 0 1
4 0 0 0
3 2 1 0
1 2 2 0

L

4 1 0 0
4 0 0 0
3 2 1 0
1 3 1 0

L

4 1 0 0
4 1 0 0
3 2 1 0
1 3 1 0

L

4 1 1 0
4 1 0 0
3 2 1 0
1 3 1 0

L

4 2 0 0
4 1 0 0
3 2 1 1
1 3 1 0

L

4 2 0 1
4 1 0 0
3 2 2 0
1 3 1 0

L

4 2 1 0
4 1 0 0
3 3 0 0
1 3 1 1

L

4 2 1 1
4 1 0 0
4 0 0 0
1 3 2 0

L

4 2 2 0
4 1 0 1
4 0 0 0
1 3 2 0

L

4 3 2 0
4 2 0 0
4 0 0 0
1 3 2 0

L

4 3 2 0
4 2 0 0
4 0 0 1
1 3 2 0

L

4 3 2 0
4 2 0 0
4 1 0 1
1 3 2 0

L

4 3 2 0
4 2 0 0
4 2 0 1
1 3 2 0

L

4 3 2 0
4 2 0 0
4 2 1 0
1 3 2 1

L

4 3 2 1
4 2 0 0
4 2 1 0
1 3 2 1

L

4 3 2 1
4 2 0 1
4 2 1 0
1 3 2 1

L

4 3 2 1
4 2 1 0
4 2 1 1
1 3 2 1

L

4 3 2 1
4 2 1 0
4 2 2 1
1 3 2 1

L

4 3 2 1
4 2 1 0
4 3 1 2
1 3 2 1

L

4 3 2 1
4 2 1 1
4 3 1 2
1 3 2 1

L

4 3 2 1
4 2 2 1
4 3 1 2
1 3 2 1

L

4 3 2 1
4 3 1 1
4 3 1 2
1 3 2 1

L

4 3 2 1
4 3 2 2
4 3 1 2
1 3 2 1

L

4 3 2 1
4 3 3 1
4 3 1 2
1 3 2 1

L

4 3 2 1
4 4 1 1
4 3 1 2
1 3 2 1

L

4 3 2 1
5 2 0 1
4 3 1 2
1 3 2 1

L

4 3 2 1
5 2 1 1
4 3 1 2
1 3 2 1

L

4 3 2 1
5 2 2 1
4 3 1 2
1 3 2 1

L

4 3 2 1
5 3 1 2
4 3 1 2
1 3 2 1

U

4 4 2 1
5 4 2 3
4 0 2 1
1 2 0 0

L

5 2 1 0
5 4 2 3
4 2 1 0
1 2 2 0

L

5 2 1 0
5 4 2 3
4 2 1 1
1 3 0 0

L

5 2 1 1
5 4 2 3
4 2 2 0
1 3 0 0

L

5 2 2 0
5 4 2 3
4 3 0 0
1 3 1 0

L

5 3 0 0
5 4 2 3
4 3 1 0
1 3 1 0

L

5 3 0 0
5 4 2 3
4 3 1 1
1 3 1 0

L

5 3 0 1
5 4 2 3
4 3 2 0
1 3 1 0

L

5 3 1 2
5 4 2 3
4 3 2 0
1 3 1 0

L

5 3 1 2
5 4 2 3
4 3 2 1
1 3 1 0

L

5 3 1 2
5 4 2 3
4 3 2 1
1 3 1 1

L

5 3 1 2
5 4 2 3
4 3 2 1
1 3 2 1

U

6 3 1 2
4 4 3 3
1 4 2 2
1 0 0 0

L

6 3 1 2
5 4 0 0
1 4 3 0
1 0 2 0

L

6 3 1 2
5 4 0 0
1 4 3 1
1 2 0 0

L

6 3 1 2
5 4 0 0
1 4 3 1
1 2 1 0

L

6 3 1 2
5 4 1 0
1 4 3 1
1 2 1 0

L

6 3 1 2
5 4 1 0
1 4 3 1
1 2 1 1

L

6 3 1 2
5 4 1 0
1 4 3 1
1 2 2 1

L

6 3 1 2
5 4 1 0
1 4 3 1
1 3 1 2

L

6 3 1 2
5 4 1 1
1 4 3 1
1 3 1 2

L

6 3 1 2
5 4 2 1
1 4 3 1
1 3 1 2

U

6 3 1 2
5 5 2 2
2 3 3 2
0 0 1 1

L

6 3 1 2
6 3 0 0
2 4 2 0
2 1 0 0

L

6 3 1 2
6 3 0 0
2 4 2 0
2 1 0 1

L

6 3 1 2
6 3 0 1
2 4 2 0
2 2 0 0

L

6 3 1 2
6 3 1 0
2 4 2 0
3 1 0 0

L

6 3 1 2
6 3 1 0
2 4 2 0
3 1 0 1

L

6 3 1 2
6 3 1 0
2 4 2 0
3 2 1 0

L

6 3 1 2
6 3 1 0
2 4 2 1
3 2 1 0

L

6 3 1 2
6 3 1 0
2 4 2 1
3 2 1 2

L

6 3 1 2
6 3 1 1
2 4 2 1
3 2 1 2

L

6 3 1 2
6 3 2 1
2 4 2 1
3 2 1 2

U

7 4 1 2
2 4 3 2
3 2 1 2
0 1 0 0

L

7 4 1 2
2 4 3 2
3 2 1 2
1 0 0 1

L

7 4 1 2
2 4 3 2
3 2 1 2
2 0 0 1

L

7 4 1 2
2 4 3 2
3 2 1 2
2 1 0 1

L

7 4 1 2
2 4 3 2
3 2 1 2
2 2 1 0

L

7 4 1 2
2 4 3 2
3 2 1 2
3 1 0 1

L

7 4 1 2
2 4 3 2
3 2 1 2
3 2 0 1

L

7 4 1 2
2 4 3 2
3 2 1 2
3 2 1 1

L

7 4 1 2
2 4 3 2
3 2 1 2
3 2 2 1

L

7 4 1 2
2 4 3 2
3 2 1 2
3 3 1 1

L

7 4 1 2
2 4 3 2
3 2 1 2
4 2 2 0

L

7 4 1 2
2 4 3 2
3 2 1 2
4 3 0 2

L

7 4 1 2
2 4 3 2
3 2 1 2
4 3 2 1

U

7 5 1 3
2 2 3 2
3 3 1 1
4 1 2 0

L

7 5 1 3
3 3 2 0
4 2 0 0
4 1 2 1

L

7 5 1 3
4 2 0 1
4 2 0 0
4 1 2 1

L

7 5 1 3
4 2 1 1
4 2 0 0
4 1 2 1

L

7 5 1 3
4 2 2 0
4 2 0 1
4 1 2 1

L

7 5 1 3
4 3 1 0
4 2 1 0
4 1 2 1

L

7 5 1 3
4 3 1 1
4 2 1 0
4 1 2 1

L

7 5 1 3
4 3 2 0
4 2 1 1
4 1 2 1

L

7 5 1 3
4 3 2 0
4 2 2 1
4 1 2 1

L

7 5 1 3
4 3 2 1
4 3 1 0
4 1 2 1

L

7 5 1 3
4 3 2 1
4 3 1 1
4 1 2 1

L

7 5 1 3
4 3 2 1
4 3 2 2
4 1 2 1

L

7 5 1 3
4 3 2 1
4 3 3 1
4 1 2 1

L

7 5 1 3
4 3 2 1
4 4 1 1
4 1 2 1

L

7 5 1 3
4 3 2 1
5 2 1 0
4 1 2 1

L

7 5 1 3
4 3 2 1
5 2 1 1
4 1 2 1

L

7 5 1 3
4 3 2 1
5 2 2 1
4 1 2 1

L

7 5 1 3
4 3 2 1
5 3 1 1
4 1 2 1

L

7 5 1 3
4 3 2 1
5 3 2 1
4 1 2 1

U

7 5 1 3
4 4 3 2
5 1 2 1
4 1 0 0

L

7 5 1 3
5 3 2 1
5 1 2 1
4 1 0 0

L

7 5 1 3
5 3 2 1
5 1 2 1
4 1 1 0

L

7 5 1 3
5 3 2 1
5 1 2 1
4 2 0 1

L

7 5 1 3
5 3 2 1
5 1 2 1
4 2 1 1

L

7 5 1 3
5 3 2 1
5 1 2 1
4 2 2 1

L

7 5 1 3
5 3 2 1
5 1 2 1
4 3 1 1

L

7 5 1 3
5 3 2 1
5 1 2 1
4 3 2 1

U

7 5 1 3
6 3 3 2
4 1 2 1
0 3 0 1

L

7 5 1 3
6 4 2 0
4 1 2 1
3 1 1 0

L

7 5 1 3
6 4 2 0
4 1 2 1
3 2 0 1

L

7 5 1 3
6 4 2 0
4 1 2 1
3 2 1 1

L

7 5 1 3
6 4 2 0
4 1 2 1
3 2 2 1

L

7 5 1 3
6 4 2 0
4 1 2 1
3 3 1 1

L

7 5 1 3
6 4 2 1
4 1 2 1
4 2 0 0

L

7 5 1 3
6 4 2 1
4 1 2 1
4 2 0 1

L

7 5 1 3
6 4 2 1
4 1 2 1
4 2 1 1

L

7 5 1 3
6 4 2 1
4 1 2 1
4 2 2 1

L

7 5 1 3
6 4 2 1
4 1 2 1
4 3 1 1

L

7 5 1 3
6 4 2 1
4 1 2 1
4 3 2 1

U

7 5 1 3
6 4 3 2
5 1 2 1
0 3 2 0

L

7 5 1 3
6 4 3 2
5 1 2 1
3 2 1 0

L

7 5 1 3
6 4 3 2
5 1 2 1
3 2 1 1

L

7 5 1 3
6 4 3 2
5 1 2 1
3 2 2 1

L

7 5 1 3
6 4 3 2
5 1 2 1
3 3 1 1

L

7 5 1 3
6 4 3 2
5 1 2 1
4 2 1 0

L

7 5 1 3
6 4 3 2
5 1 2 1
4 2 1 1

L

7 5 1 3
6 4 3 2
5 1 2 1
4 2 2 1

L

7 5 1 3
6 4 3 2
5 1 2 1
4 3 1 1

L

7 5 1 3
6 4 3 2
5 1 2 1
4 3 2 1

U

7 5 1 3
6 4 3 2
5 1 3 2
4 3 1 0

L

7 5 1 3
6 4 3 2
5 1 3 2
4 3 1 2

U

7 5 1 3
6 4 4 3
5 1 1 2
4 3 0 1

L

7 5 1 3
6 5 3 1
5 2 2 0
4 3 1 0

L

7 5 1 3
6 5 3 1
5 3 0 0
4 3 1 1

L

7 5 1 3
6 5 3 1
5 3 1 0
4 3 2 0

L

7 5 1 3
6 5 3 1
5 3 1 1
4 3 2 0

L

7 5 1 3
6 5 3 1
5 3 2 0
4 3 2 1

L

7 5 1 3
6 5 3 1
5 3 2 1
4 3 2 1

U

7 6 1 3
6 4 3 2
5 0 3 1
4 0 0 1

L

7 6 1 3
6 4 3 2
5 3 1 0
4 1 0 1

L

7 6 1 3
6 4 3 2
5 3 1 1
4 2 0 0

L

7 6 1 3
6 4 3 2
5 3 2 0
4 2 2 0

L

7 6 1 3
6 4 3 2
5 3 2 2
4 3 0 0

L

7 6 1 3
6 4 3 2
5 3 3 0
4 3 1 0

L

7 6 1 3
6 4 3 2
5 4 1 0
4 3 1 0

L

7 6 1 3
6 4 3 2
5 4 1 1
4 3 1 0

L

7 6 1 3
6 4 3 2
5 4 2 1
4 3 1 0

L

7 6 1 3
6 4 3 2
5 4 2 1
4 3 1 1

L

7 6 1 3
6 4 3 2
5 4 2 1
4 3 2 1

U

7 6 1 3
6 5 3 2
5 3 3 2
4 0 0 1

L

7 6 1 3
6 5 3 2
5 4 2 0
4 1 1 0

L

7 6 1 3
6 5 3 2
5 4 2 0
4 2 0 1

L

7 6 1 3
6 5 3 2
5 4 2 0
4 2 1 1

L

7 6 1 3
6 5 3 2
5 4 2 1
4 2 2 0

L

7 6 1 3
6 5 3 2
5 4 2 1
4 3 0 1

L

7 6 1 3
6 5 3 2
5 4 2 1
4 3 1 1

L

7 6 1 3
6 5 3 2
5 4 2 1
4 3 2 1

U

7 6 1 3
6 5 3 2
5 4 3 2
4 3 0 1

L

7 6 1 3
6 5 3 2
5 4 3 2
4 3 1 1

L

7 6 1 3
6 5 3 2
5 4 3 2
4 3 2 1

U

7 6 1 3
6 5 4 3
5 4 2 1
4 3 0 1

L

7 6 1 3
6 5 4 3
5 4 2 1
4 3 1 1

L

7 6 1 3
6 5 4 3
5 4 2 1
4 3 2 1

U

7 6 1 4
6 5 4 2
5 4 3 0
4 3 0 1

L

7 6 1 4
6 5 4 2
5 4 3 0
4 3 1 1

L

7 6 1 4
6 5 4 2
5 4 3 0
4 3 2 1

L

7 6 1 4
6 5 4 2
5 4 3 1
4 3 2 1

U

7 6 1 4
6 5 4 2
5 4 3 2
4 3 2 1

U

7 6 1 4
6 5 4 3
5 4 3 1
4 3 2 1

U

7 6 1 4
6 5 4 3
5 4 3 2
4 3 2 2

L

7 6 1 4
6 5 4 3
5 4 3 2
4 3 3 1

L

7 6 1 4
6 5 4 3
5 4 3 2
4 4 1 1

L

7 6 1 4
6 5 4 3
5 4 3 2
5 2 1 0

L

7 6 1 4
6 5 4 3
5 4 3 2
5 2 1 1

L

7 6 1 4
6 5 4 3
5 4 3 2
5 2 2 1

L

7 6 1 4
6 5 4 3
5 4 3 2
5 3 1 1

L

7 6 1 4
6 5 4 3
5 4 3 2
5 3 2 1

U

7 6 1 4
6 5 4 3
6 4 3 2
1 3 2 1

U

7 6 1 4
7 5 4 3
1 4 3 2
1 3 2 1

U

8 6 1 4
2 5 4 3
1 4 3 2
0 3 2 1

L

8 6 1 4
2 5 4 3
1 4 3 2
3 2 1 1

L

8 6 1 4
2 5 4 3
1 4 3 2
3 2 2 1

L

8 6 1 4
2 5 4 3
1 4 3 2
3 3 1 1

L

8 6 1 4
2 5 4 3
1 4 3 2
4 2 1 0

L

8 6 1 4
2 5 4 3
1 4 3 2
4 2 1 1

L

8 6 1 4
2 5 4 3
1 4 3 2
4 2 2 2

L

8 6 1 4
2 5 4 3
1 4 3 2
4 3 2 2

L

8 6 1 4
2 5 4 3
1 4 3 2
4 3 3 1

L

8 6 1 4
2 5 4 3
1 4 3 2
4 4 1 1

L

8 6 1 4
2 5 4 3
1 4 3 2
5 2 0 1

L

8 6 1 4
2 5 4 3
1 4 3 2
5 2 1 1

L

8 6 1 4
2 5 4 3
1 4 3 2
5 2 2 1

L

8 6 1 4
2 5 4 3
1 4 3 2
5 3 1 1

L

8 6 1 4
2 5 4 3
1 4 3 2
5 3 2 1

T

00:00:00.19
